num_eq = 3
q_i[0] = 2.000000e+00
q_i[1] = 4.000000e+00
q_i[2] = 1.000000e+00
t_i = 0.000000e+00
t_f = 2.000000e+01
it_max = 100
h = 2.000000e-02
I_prin[0] = 3.000000e+00
I_prin[1] = 4.000000e+00
I_prin[2] = 7.000000e+00
