num_eq = 4
q_i[0] = 1.000000e-01
q_i[1] = 5.000000e-02
q_i[2] = 0.000000e+00
q_i[3] = 2.0000000e+00
t_i = 0.000000e+00
t_f = 2.000000e+01
h = 1.000000e-01
mass1 = 4.000000e-01
length1 = 4.000000e-01
mass2 = 9.000000e-01
length2 = 7.000000e-01
prec_goal = 1.000000e-10
