f= 2.665088, Number of Intervals = 100, Relative Error =  -2.241711e-02
f= 2.732403, Number of Intervals = 1000, Relative Error =  2.274519e-03
f= 2.726202, Number of Intervals = 6813, Relative Error =  9.006400e-10
f= 2.735516, Number of Intervals = 6813, Relative Error =  3.416487e-03
