f= 2.669973, Number of Intervals = 100, Relative Error =  2.062528e-02
f= 2.745207, Number of Intervals = 1000, Relative Error =  6.971362e-03
f= 2.726202, Number of Intervals = 6549, Relative Error =  9.169290e-12
f= 2.721750, Number of Intervals = 6549, Relative Error =  1.632984e-03
