f= 2.665088, Number of Intervals = 100, Relative Error =  2.241711e-02
f= 2.732403, Number of Intervals = 1000, Relative Error =  2.274519e-03
f= 2.726202, Number of Intervals = 6549, Relative Error =  9.169290e-12
f= 2.724809, Number of Intervals = 6549, Relative Error =  5.108343e-04
