mass = 2.000000e+00
x_i = 1.000000e+00
p_i = 5.000000e-01
t_i = 0.000000e+00
t_f = 5.000000e+02
it_max = 1500
choice = 4
num_eq = 1
spring const k = 1.000000e-01
h = 3.333333e-01